1403638523.327830 0.017948 0.008413 0.288759 -0.050964 0.802860 0.011456 0.593875
1403638523.427830 0.018330 -0.004036 0.254086 -0.049989 0.803827 0.012148 0.592635
1403638523.527829 0.018349 -0.014594 0.213858 -0.045288 0.810991 0.015853 0.583087
1403638523.627830 0.016330 -0.024685 0.171544 -0.038690 0.821648 0.019597 0.568344
1403638523.727829 0.013705 -0.033747 0.135005 -0.034488 0.829054 0.022480 0.557651
1403638523.827830 0.009374 -0.039227 0.101375 -0.032446 0.831825 0.025271 0.553511
1403638523.927830 0.003664 -0.044526 0.070288 -0.025266 0.831706 0.029750 0.553842
1403638524.027829 -0.002377 -0.045892 0.042952 -0.016321 0.833187 0.037302 0.551491
1403638524.127830 -0.007574 -0.053057 0.050966 -0.013347 0.837530 0.045525 0.544327
1403638524.227829 -0.008862 -0.053278 0.088849 -0.018217 0.840823 0.048218 0.538850
1403638524.327830 -0.006430 -0.053686 0.137779 -0.026319 0.839676 0.047679 0.540350
1403638524.427830 -0.000425 -0.052970 0.195918 -0.034852 0.835092 0.045224 0.547140
1403638524.527829 0.007191 -0.051785 0.257219 -0.039810 0.826968 0.044205 0.559092
1403638524.627830 0.016294 -0.049280 0.315579 -0.039915 0.819044 0.040427 0.570911
1403638524.727829 0.025038 -0.045281 0.364088 -0.030520 0.814135 0.035094 0.578810
1403638524.827830 0.031006 -0.040851 0.398146 -0.017876 0.811558 0.029975 0.583229
1403638524.927830 0.034801 -0.036547 0.417862 -0.021894 0.810455 0.029910 0.584627
1403638525.027829 0.036175 -0.033986 0.418044 -0.026202 0.808293 0.033328 0.587253
1403638525.127830 0.037498 -0.032093 0.395123 -0.021848 0.805982 0.037211 0.590365
1403638525.227829 0.038283 -0.031015 0.354738 -0.020420 0.806305 0.042141 0.589644
1403638525.327830 0.034936 -0.034488 0.303676 -0.021734 0.812155 0.047086 0.581132
1403638525.427830 0.032169 -0.034602 0.250026 -0.027101 0.823423 0.050469 0.564530
1403638525.527829 0.027970 -0.035317 0.200155 -0.036353 0.834858 0.051154 0.546876
1403638525.627830 0.024444 -0.037217 0.157008 -0.039849 0.840760 0.049322 0.537682
1403638525.727829 0.022553 -0.038228 0.122419 -0.038180 0.841354 0.045030 0.537250
1403638525.827830 0.022959 -0.040553 0.096510 -0.033844 0.838398 0.039257 0.542588
1403638525.927830 0.019507 -0.044255 0.077663 -0.024807 0.835278 0.036434 0.548059
1403638526.027829 0.015604 -0.058004 0.069648 -0.018558 0.835518 0.036065 0.547965
1403638526.127830 0.012268 -0.083005 0.072138 -0.015794 0.838081 0.029638 0.544511
1403638526.227829 0.008076 -0.116075 0.083077 -0.013531 0.839083 0.020158 0.543462
1403638526.327830 0.001720 -0.154651 0.097676 -0.010394 0.836216 0.011616 0.548179
1403638526.427830 -0.007218 -0.197983 0.111948 -0.008000 0.831335 0.002095 0.555710
1403638526.527829 -0.018121 -0.245818 0.123245 -0.007094 0.826214 -0.009465 0.563232
1403638526.627830 -0.030129 -0.300887 0.131266 -0.004590 0.820632 -0.019036 0.571121
1403638526.727829 -0.045255 -0.362433 0.137759 0.000939 0.816534 -0.026233 0.576700
1403638526.827830 -0.062100 -0.427863 0.141991 0.011470 0.814330 -0.029880 0.579519
1403638526.927830 -0.080318 -0.491115 0.145093 0.016084 0.815509 -0.033955 0.577523
1403638527.027829 -0.097702 -0.550817 0.148135 0.022041 0.819755 -0.043792 0.570613
1403638527.127830 -0.112560 -0.605557 0.152699 0.030183 0.823239 -0.058782 0.563835
1403638527.227829 -0.123875 -0.651346 0.159375 0.039025 0.822509 -0.073495 0.562631
1403638527.327830 -0.129025 -0.683882 0.166697 0.053661 0.817911 -0.085007 0.566494
1403638527.427830 -0.129391 -0.696645 0.172747 0.067744 0.813078 -0.091299 0.570946
1403638527.527829 -0.124234 -0.688070 0.175829 0.074275 0.810999 -0.093970 0.572655
1403638527.627830 -0.115498 -0.660462 0.177113 0.074719 0.811194 -0.093374 0.572418
1403638527.727829 -0.099930 -0.613734 0.175680 0.071663 0.811983 -0.087038 0.572689
1403638527.827830 -0.084271 -0.561855 0.176972 0.061945 0.814609 -0.081266 0.570938
1403638527.927830 -0.069637 -0.504254 0.181417 0.047846 0.817133 -0.076851 0.569296
1403638528.027829 -0.057030 -0.445277 0.187344 0.042121 0.816541 -0.070985 0.571356
1403638528.127830 -0.031665 -0.386209 0.186406 0.033236 0.815992 -0.062956 0.573662
1403638528.227829 -0.006144 -0.331925 0.181491 0.022135 0.817453 -0.053221 0.573104
1403638528.327830 0.024842 -0.287267 0.175676 0.010879 0.818477 -0.042764 0.572842
1403638528.427830 0.058304 -0.255608 0.170116 0.008442 0.817211 -0.036987 0.575089
1403638528.527829 0.094495 -0.232680 0.164679 0.010031 0.817926 -0.036787 0.574059
1403638528.627830 0.129347 -0.216053 0.162417 0.009153 0.820002 -0.043950 0.570597
1403638528.727829 0.162271 -0.205814 0.164008 0.010602 0.820007 -0.049350 0.570124
1403638528.827830 0.184723 -0.198877 0.168886 0.012074 0.818860 -0.055141 0.571211
1403638528.927830 0.191185 -0.192679 0.178791 0.005482 0.817962 -0.062740 0.571814
